500 500
13 39 0.07 10800
94 35 0.04 10800
133 23 0.07 10800
191 12 0.11 10800
247 14 0.09000000000000001 10800
314 20 0.13 10800
365 25 0.1 10800
406 42 0.1 10800
458 32 0.13999999999999999 10800
520 23 0.11 10800
589 37 0.09000000000000001 10800
643 31 0.09000000000000001 10800
687 35 0.09000000000000001 10800
743 42 0.1 10800
846 15 0.11 10800
919 28 0.11 10800
972 40 0.07999999999999999 10800
12 82 0.1 10800
79 73 0.15999999999999998 10800
127 92 0.19 10800
194 76 0.2 10800
234 94 0.11 10800
310 85 0.2 10800
371 82 0.18000000000000002 10800
404 76 0.22 10800
481 79 0.19 10800
515 84 0.2 10800
569 82 0.26 10800
624 70 0.22 10800
702 80 0.24000000000000002 10800
755 97 0.18000000000000002 10800
795 75 0.15 10800
872 73 0.2 10800
914 92 0.21000000000000002 10800
975 90 0.07999999999999999 10800
43 151 0.12000000000000001 10800
88 139 0.24000000000000002 10800
125 135 0.23 10800
201 149 0.38 10800
242 146 0.36000000000000004 10800
311 149 0.30000000000000004 10800
345 127 0.25 10800
424 144 0.22 10800
479 124 0.15 10800
524 123 0.38 10800
571 153 0.43000000000000005 10800
622 154 0.37000000000000005 10800
698 129 0.17 10800
753 130 0.35000000000000003 10800
813 149 0.29 10800
845 151 0.29 10800
922 125 0.19 10800
969 130 0.09000000000000001 10800
40 187 0.17 10800
181 189 0.54 10800
242 208 0.51 10800
297 194 0.44 10800
360 195 0.78 10800
401 203 0.23 10800
466 190 0.4 10800
535 200 0.51 10800
583 177 0.48000000000000004 10800
648 192 0.42000000000000004 10800
684 206 0.64 10800
766 207 0.53 10800
815 191 0.52 10800
860 196 0.38 10800
908 204 0.41000000000000003 10800
961 193 0.18000000000000002 10800
33 266 0.1 10800
83 237 0.29 10800
150 259 0.45000000000000007 10800
209 236 0.39000000000000007 10800
266 237 0.44 10800
299 235 0.8500000000000001 10800
372 265 0.91 10800
425 255 0.61 10800
471 266 0.91 10800
537 247 0.77 10800
598 247 0.87 10800
624 250 0.75 10800
689 250 1.02 10800
737 257 0.91 10800
789 256 0.6900000000000001 10800
853 248 0.6500000000000001 10800
919 233 0.2 10800
978 234 0.19 10800
17 295 0.07999999999999999 10800
71 320 0.15999999999999998 10800
138 301 0.28 10800
206 310 0.53 10800
252 293 0.39000000000000007 10800
307 289 0.29 10800
371 293 0.76 10800
409 305 1.09 10800
512 313 0.49 10800
569 294 1.07 10800
637 321 2.0 10800
710 293 1.53 10800
737 297 1.1900000000000002 10800
815 306 0.6900000000000001 10800
857 299 0.45000000000000007 10800
932 315 0.23 10800
982 308 0.09000000000000001 10800
19 362 0.060000000000000005 10800
97 357 0.15999999999999998 10800
143 354 0.22 10800
209 375 0.63 10800
238 355 0.63 10800
318 377 0.1 10800
349 361 0.52 10800
411 359 1.12 10800
455 372 0.83 10800
514 361 0.6500000000000001 10800
583 350 2.2 10800
635 345 2.4299999999999997 10800
695 352 1.57 10800
744 355 1.27 10800
809 352 0.61 10800
850 369 0.4 10800
922 351 0.13999999999999999 10800
975 369 0.1 10800
38 409 0.1 10800
84 424 0.23 10800
123 404 0.22 10800
209 403 0.6000000000000001 10800
245 432 1.01 10800
300 419 0.83 10800
377 411 0.9600000000000001 10800
426 418 1.32 10800
471 414 2.77 10800
512 420 2.06 10800
599 407 3.62 10800
648 423 2.5 10800
697 409 1.02 10800
757 424 0.42000000000000004 10800
816 413 0.17 10800
872 422 0.15999999999999998 10800
928 413 0.07999999999999999 10800
956 402 0.07 10800
43 464 0.13 10800
72 487 0.15999999999999998 10800
124 469 0.26 10800
207 469 0.86 10800
266 486 1.13 10800
297 488 0.95 10800
376 457 0.9400000000000001 10800
424 479 2.4699999999999998 10800
479 458 4.379999999999999 10800
520 467 1.39 10800
598 459 2.09 10800
640 464 1.96 10800
690 465 0.81 10800
738 474 0.6000000000000001 10800
814 478 0.34 10800
861 487 0.30000000000000004 10800
917 486 0.17 10800
971 472 0.05 10800
25 527 0.11 10800
71 532 0.12000000000000001 10800
149 530 0.27 10800
188 538 0.6900000000000001 10800
248 531 0.87 10800
304 532 2.0300000000000002 10800
375 514 1.52 10800
423 536 3.4 10800
481 527 4.169999999999999 10800
522 541 3.14 10800
580 535 1.03 10800
623 540 0.9 10800
686 528 0.63 10800
739 517 0.67 10800
804 512 0.47000000000000003 10800
862 522 0.34 10800
908 525 0.19 10800
976 519 0.07999999999999999 10800
18 569 0.07999999999999999 10800
76 590 0.2 10800
153 570 0.43000000000000005 10800
205 597 0.62 10800
236 590 0.56 10800
314 568 1.32 10800
352 566 1.4500000000000002 10800
404 567 0.8500000000000001 10800
461 587 3.83 10800
513 591 4.56 10800
587 585 1.79 10800
632 588 1.29 10800
699 587 0.61 10800
737 575 0.6500000000000001 10800
792 570 0.33000000000000007 10800
872 567 0.18000000000000002 10800
904 589 0.22 10800
964 587 0.07 10800
31 624 0.07 10800
92 629 0.21000000000000002 10800
123 638 0.5 10800
191 632 0.30000000000000004 10800
247 628 0.39000000000000007 10800
315 628 1.6900000000000002 10800
351 637 1.8 10800
408 652 2.14 10800
460 639 3.4 10800
526 624 3.1 10800
580 640 1.42 10800
637 645 1.46 10800
704 644 1.13 10800
753 645 0.92 10800
796 624 0.64 10800
873 624 0.27 10800
924 642 0.2 10800
956 623 0.11 10800
43 709 0.07999999999999999 10800
84 697 0.23 10800
130 688 0.53 10800
184 681 0.74 10800
249 693 1.06 10800
319 699 1.56 10800
370 684 0.61 10800
417 688 1.6800000000000002 10800
461 680 1.89 10800
533 701 1.3 10800
591 708 1.05 10800
645 681 1.51 10800
701 688 0.9400000000000001 10800
765 688 1.06 10800
798 689 0.62 10800
868 683 0.33000000000000007 10800
929 683 0.12000000000000001 10800
973 687 0.1 10800
28 752 0.11 10800
77 738 0.33000000000000007 10800
138 743 0.5900000000000001 10800
183 766 0.21000000000000002 10800
259 737 1.07 10800
299 746 0.6500000000000001 10800
362 764 1.31 10800
415 760 0.87 10800
467 734 0.8 10800
517 737 0.9400000000000001 10800
596 762 0.83 10800
642 740 0.81 10800
682 763 0.33000000000000007 10800
739 761 0.5900000000000001 10800
820 744 0.75 10800
855 758 0.4 10800
925 749 0.030000000000000006 10800
974 765 0.07 10800
24 789 0.11 10800
80 801 0.28 10800
153 814 0.33000000000000007 10800
196 807 0.24000000000000002 10800
233 799 0.21000000000000002 10800
315 789 0.56 10800
368 805 0.6500000000000001 10800
426 812 0.83 10800
458 814 0.56 10800
534 811 0.24000000000000002 10800
584 798 0.39000000000000007 10800
627 802 0.63 10800
704 809 0.33000000000000007 10800
739 817 0.39000000000000007 10800
790 789 0.61 10800
849 816 0.57 10800
908 808 0.13 10800
976 803 0.07 10800
33 877 0.13 10800
98 858 0.31 10800
144 855 0.19 10800
207 854 0.25 10800
235 848 0.30000000000000004 10800
309 867 0.54 10800
376 852 0.62 10800
413 863 0.33000000000000007 10800
464 847 0.44 10800
527 853 0.31 10800
574 844 0.21000000000000002 10800
654 871 0.30000000000000004 10800
690 846 0.24000000000000002 10800
741 861 0.29 10800
817 850 0.47000000000000003 10800
852 851 0.31 10800
902 853 0.2 10800
958 870 0.13999999999999999 10800
35 921 0.1 10800
87 912 0.22 10800
138 907 0.26 10800
196 900 0.2 10800
241 904 0.36000000000000004 10800
358 916 0.36000000000000004 10800
411 902 0.18000000000000002 10800
487 932 0.11 10800
536 920 0.15 10800
582 929 0.17 10800
653 929 0.11 10800
679 904 0.12000000000000001 10800
742 923 0.18000000000000002 10800
803 928 0.30000000000000004 10800
849 910 0.32 10800
916 905 0.15999999999999998 10800
967 925 0.11 10800
31 985 0.05 10800
83 963 0.09000000000000001 10800
130 962 0.13999999999999999 10800
205 983 0.07 10800
248 969 0.15999999999999998 10800
314 981 0.1 10800
373 981 0.11 10800
411 964 0.13999999999999999 10800
456 971 0.1 10800
516 962 0.12000000000000001 10800
580 983 0.11 10800
628 971 0.07 10800
702 981 0.09000000000000001 10800
756 978 0.060000000000000005 10800
815 986 0.13999999999999999 10800
877 985 0.07999999999999999 10800
923 977 0.11 10800
967 970 0.04 10800
304 912 0.21000000000000002 10800
369 951 0.17 10800
462 314 0.89 10800
728 55 0.17 10800
511 992 0.060000000000000005 10800
811 6 0.07 10800
328 847 0.45000000000000007 10800
870 935 0.19 10800
445 843 0.43000000000000005 10800
424 225 0.32 10800
891 931 0.1 10800
586 114 0.4 10800
360 606 1.22 10800
535 439 3.3800000000000003 10800
119 193 0.33000000000000007 10800
83 165 0.18000000000000002 10800
738 317 1.48 10800
869 268 0.35000000000000003 10800
456 897 0.19 10800
590 879 0.2 10800
783 394 0.32 10800
320 337 0.11 10800
545 387 1.42 10800
828 562 0.33000000000000007 10800
163 433 0.26 10800
326 471 1.28 10800
272 59 0.11 10800
94 273 0.22 10800
873 141 0.36000000000000004 10800
653 124 0.29 10800
932 271 0.21000000000000002 10800
207 729 0.47000000000000003 10800
392 151 0.2 10800
