500 500 
29 18 0.07 10800
69 37 0.07999999999999999 10800
111 24 0.13 10800
166 33 0.07999999999999999 10800
218 37 0.13 10800
264 30 0.12000000000000001 10800
330 14 0.13 10800
386 19 0.11 10800
427 14 0.13 10800
461 33 0.13 10800
532 33 0.07999999999999999 10800
589 10 0.11 10800
624 13 0.11 10800
681 38 0.13999999999999999 10800
728 18 0.07999999999999999 10800
777 36 0.13999999999999999 10800
814 23 0.09000000000000001 10800
865 37 0.07999999999999999 10800
938 36 0.11 10800
975 13 0.060000000000000005 10800
37 60 0.1 10800
61 74 0.13999999999999999 10800
119 71 0.21000000000000002 10800
163 62 0.2 10800
212 61 0.32 10800
285 70 0.19 10800
323 76 0.13 10800
375 71 0.28 10800
438 78 0.22 10800
460 66 0.17 10800
511 62 0.19 10800
569 87 0.23 10800
612 71 0.27 10800
660 80 0.24000000000000002 10800
713 82 0.22 10800
765 89 0.18000000000000002 10800
817 74 0.15 10800
885 61 0.19 10800
939 68 0.21000000000000002 10800
984 77 0.17 10800
34 121 0.12000000000000001 10800
66 129 0.23 10800
110 117 0.31 10800
160 110 0.32 10800
222 133 0.37000000000000005 10800
288 126 0.26 10800
312 131 0.22 10800
388 122 0.37000000000000005 10800
415 139 0.54 10800
468 129 0.30000000000000004 10800
512 128 0.28 10800
588 120 0.37000000000000005 10800
614 112 0.38 10800
669 121 0.41000000000000003 10800
725 121 0.36000000000000004 10800
779 117 0.42000000000000004 10800
822 121 0.32 10800
868 128 0.42000000000000004 10800
931 122 0.32 10800
970 111 0.13 10800
30 162 0.12000000000000001 10800
70 166 0.30000000000000004 10800
111 176 0.35000000000000003 10800
171 174 0.30000000000000004 10800
213 184 0.31 10800
263 186 0.45000000000000007 10800
318 170 0.31 10800
369 165 0.43000000000000005 10800
431 174 0.48000000000000004 10800
463 163 0.48000000000000004 10800
531 179 0.21000000000000002 10800
567 178 0.22 10800
637 165 0.56 10800
669 177 0.64 10800
714 174 0.6500000000000001 10800
767 176 0.68 10800
818 163 0.53 10800
887 166 0.44 10800
910 185 0.29 10800
960 172 0.28 10800
39 230 0.19 10800
67 224 0.15999999999999998 10800
113 229 0.57 10800
162 218 0.48000000000000004 10800
218 216 0.39000000000000007 10800
281 234 0.64 10800
338 228 0.63 10800
371 231 0.33000000000000007 10800
439 211 0.7300000000000001 10800
478 214 0.58 10800
514 224 0.48000000000000004 10800
579 237 0.67 10800
628 227 0.93 10800
661 239 1.1800000000000002 10800
717 212 1.0 10800
773 224 0.75 10800
812 218 0.55 10800
879 222 0.24000000000000002 10800
920 217 0.27 10800
961 228 0.13 10800
24 279 0.1 10800
65 262 0.2 10800
135 270 0.64 10800
165 279 0.61 10800
235 277 0.33000000000000007 10800
285 286 0.45000000000000007 10800
333 286 0.74 10800
375 276 0.53 10800
434 262 0.62 10800
461 280 1.03 10800
517 263 0.95 10800
588 260 1.33 10800
620 284 1.41 10800
675 272 1.0 10800
712 275 0.68 10800
781 263 0.24000000000000002 10800
813 271 0.66 10800
889 289 0.39000000000000007 10800
932 262 0.22 10800
982 269 0.07999999999999999 10800
34 338 0.12000000000000001 10800
66 324 0.13999999999999999 10800
128 321 0.55 10800
174 326 0.8 10800
236 326 0.38 10800
272 326 0.34 10800
326 330 0.56 10800
372 337 1.17 10800
413 324 0.91 10800
489 321 1.1900000000000002 10800
514 322 1.9200000000000002 10800
575 329 1.83 10800
615 331 1.33 10800
683 324 1.33 10800
726 334 1.06 10800
770 323 0.67 10800
837 325 0.48000000000000004 10800
869 312 0.34 10800
933 332 0.22 10800
965 327 0.12000000000000001 10800
37 383 0.09000000000000001 10800
78 388 0.18000000000000002 10800
131 375 0.35000000000000003 10800
184 360 0.71 10800
227 365 0.89 10800
288 375 0.7 10800
319 370 1.15 10800
384 369 0.46 10800
439 365 1.28 10800
466 375 2.34 10800
533 363 2.22 10800
589 380 2.35 10800
616 373 3.1 10800
682 387 1.89 10800
728 374 1.79 10800
780 379 0.74 10800
816 376 0.29 10800
875 366 0.26 10800
910 365 0.22 10800
960 389 0.12000000000000001 10800
30 414 0.11 10800
67 427 0.2 10800
125 411 0.4 10800
165 439 0.23 10800
217 428 0.77 10800
283 413 1.52 10800
320 418 1.1800000000000002 10800
360 411 1.59 10800
438 417 1.73 10800
468 415 1.7000000000000002 10800
518 434 4.6 10800
576 419 4.22 10800
634 437 2.5500000000000003 10800
664 422 1.71 10800
734 413 1.31 10800
765 429 0.8500000000000001 10800
825 439 0.67 10800
872 412 0.56 10800
922 416 0.36000000000000004 10800
987 438 0.060000000000000005 10800
31 466 0.07999999999999999 10800
67 464 0.26 10800
135 474 0.41000000000000003 10800
165 472 0.71 10800
215 464 1.04 10800
266 468 1.58 10800
330 484 0.89 10800
385 465 2.18 10800
410 471 2.16 10800
466 469 3.33 10800
535 463 3.5 10800
583 462 2.4499999999999997 10800
638 478 1.29 10800
683 484 1.55 10800
728 468 1.38 10800
784 484 0.56 10800
817 460 0.6900000000000001 10800
862 462 0.49 10800
912 464 0.35000000000000003 10800
962 462 0.11 10800
16 522 0.09000000000000001 10800
87 510 0.25 10800
122 526 0.43000000000000005 10800
168 520 0.79 10800
216 519 1.02 10800
265 511 0.55 10800
332 513 1.66 10800
371 534 1.78 10800
420 528 5.169999999999999 10800
476 528 4.359999999999999 10800
528 511 5.549999999999999 10800
576 536 2.37 10800
623 521 1.49 10800
676 516 1.03 10800
713 528 0.89 10800
768 531 0.64 10800
816 538 0.48000000000000004 10800
886 534 0.31 10800
915 535 0.23 10800
965 517 0.15 10800
25 577 0.09000000000000001 10800
62 574 0.17 10800
128 576 0.44 10800
168 581 0.9400000000000001 10800
230 573 0.63 10800
284 574 0.76 10800
325 573 1.65 10800
383 561 3.2399999999999998 10800
423 570 3.46 10800
462 575 4.02 10800
533 566 4.47 10800
565 580 2.3600000000000003 10800
632 575 1.56 10800
686 566 1.3 10800
738 587 0.67 10800
773 576 0.53 10800
823 562 0.38 10800
875 588 0.24000000000000002 10800
934 564 0.15999999999999998 10800
983 589 0.09000000000000001 10800
38 632 0.12000000000000001 10800
87 613 0.21000000000000002 10800
136 629 0.48000000000000004 10800
172 635 0.46 10800
210 615 0.8500000000000001 10800
271 626 1.16 10800
315 629 1.37 10800
383 638 2.5100000000000002 10800
418 635 1.8 10800
484 626 1.72 10800
535 622 1.49 10800
575 620 1.82 10800
610 614 1.32 10800
689 631 0.58 10800
725 627 0.71 10800
775 629 0.43000000000000005 10800
832 624 0.33000000000000007 10800
868 620 0.29 10800
932 630 0.19 10800
978 626 0.09000000000000001 10800
33 687 0.1 10800
87 680 0.39000000000000007 10800
114 671 0.6000000000000001 10800
187 683 0.8500000000000001 10800
214 674 0.87 10800
285 679 1.0 10800
315 668 1.38 10800
387 670 1.55 10800
428 678 1.5 10800
478 682 0.81 10800
535 664 1.38 10800
579 685 1.74 10800
610 670 1.25 10800
687 686 0.74 10800
730 685 0.62 10800
763 663 0.82 10800
837 681 0.37000000000000005 10800
878 686 0.32 10800
922 664 0.21000000000000002 10800
989 663 0.11 10800
34 717 0.11 10800
72 724 0.35000000000000003 10800
134 736 0.74 10800
169 717 0.13999999999999999 10800
222 721 0.78 10800
262 729 0.64 10800
338 739 0.77 10800
361 723 0.62 10800
410 738 0.9700000000000001 10800
470 726 0.51 10800
536 718 0.48000000000000004 10800
584 711 0.5900000000000001 10800
626 711 1.12 10800
670 713 0.92 10800
732 718 0.86 10800
765 732 0.66 10800
832 724 0.28 10800
870 721 0.29 10800
923 720 0.31 10800
976 733 0.09000000000000001 10800
27 783 0.1 10800
72 775 0.49 10800
110 760 0.48000000000000004 10800
183 763 0.43000000000000005 10800
235 773 0.53 10800
263 780 0.58 10800
332 785 0.25 10800
371 781 0.48000000000000004 10800
430 782 0.43000000000000005 10800
469 770 0.36000000000000004 10800
536 780 0.51 10800
579 760 0.95 10800
624 780 0.27 10800
666 777 0.49 10800
713 777 0.61 10800
774 780 0.7 10800
810 767 0.43000000000000005 10800
880 777 0.34 10800
929 770 0.18000000000000002 10800
960 783 0.13999999999999999 10800
20 823 0.13 10800
73 836 0.37000000000000005 10800
128 811 0.55 10800
182 819 0.41000000000000003 10800
210 811 0.42000000000000004 10800
279 827 0.48000000000000004 10800
324 812 0.29 10800
386 836 0.25 10800
435 826 0.36000000000000004 10800
476 831 0.42000000000000004 10800
536 823 0.57 10800
570 816 0.44 10800
615 814 0.48000000000000004 10800
685 836 0.36000000000000004 10800
710 815 0.43000000000000005 10800
763 810 0.5 10800
820 837 0.4 10800
869 835 0.26 10800
927 810 0.15 10800
961 828 0.13999999999999999 10800
35 864 0.23 10800
76 865 0.21000000000000002 10800
111 876 0.35000000000000003 10800
183 872 0.21000000000000002 10800
230 864 0.33000000000000007 10800
274 864 0.31 10800
316 888 0.30000000000000004 10800
377 877 0.24000000000000002 10800
426 864 0.37000000000000005 10800
485 869 0.51 10800
524 882 0.43000000000000005 10800
560 877 0.38 10800
624 889 0.29 10800
681 882 0.19 10800
726 878 0.21000000000000002 10800
788 886 0.26 10800
829 867 0.33000000000000007 10800
877 871 0.33000000000000007 10800
929 880 0.23 10800
963 883 0.09000000000000001 10800
13 933 0.07 10800
74 931 0.26 10800
126 936 0.22 10800
181 915 0.21000000000000002 10800
218 932 0.24000000000000002 10800
274 915 0.28 10800
332 918 0.17 10800
380 919 0.23 10800
415 918 0.11 10800
462 927 0.17 10800
530 918 0.18000000000000002 10800
577 915 0.19 10800
615 934 0.24000000000000002 10800
668 916 0.13999999999999999 10800
739 934 0.24000000000000002 10800
775 936 0.12000000000000001 10800
816 932 0.2 10800
878 912 0.27 10800
912 933 0.17 10800
973 914 0.07 10800
11 969 0.07 10800
69 989 0.13 10800
122 971 0.09000000000000001 10800
174 980 0.12000000000000001 10800
231 969 0.15 10800
275 969 0.15999999999999998 10800
331 961 0.07 10800
362 984 0.1 10800
413 988 0.12000000000000001 10800
480 980 0.07999999999999999 10800
536 969 0.07 10800
583 986 0.11 10800
630 971 0.13999999999999999 10800
662 981 0.07999999999999999 10800
730 980 0.02 10800
765 987 0.07999999999999999 10800
814 961 0.15 10800
867 983 0.12000000000000001 10800
935 981 0.07 10800
972 965 0.07 10800
