500 500
36 33 0.07999999999999999 10800
91 29 0.12000000000000001 10800
157 38 0.2 10800
247 20 0.02 10800
299 14 0.02 10800
384 36 0.07999999999999999 10800
420 49 0.07 10800
506 28 0.1 10800
569 36 0.05 10800
616 18 0.05 10800
686 46 0.07999999999999999 10800
764 20 0.030000000000000006 10800
824 40 0.12000000000000001 10800
886 38 0.07999999999999999 10800
976 50 0.01 10800
48 86 0.05 10800
104 116 0.05 10800
157 97 0.11 10800
216 81 0.19 10800
281 109 0.25 10800
378 96 0.060000000000000005 10800
414 91 0.060000000000000005 10800
517 90 0.05 10800
553 94 0.04 10800
638 110 0.05 10800
682 99 0.07999999999999999 10800
750 117 0.13999999999999999 10800
826 85 0.13 10800
917 96 0.060000000000000005 10800
962 103 0.04 10800
14 171 0.060000000000000005 10800
90 183 0.09000000000000001 10800
173 160 0.05 10800
225 148 0.24000000000000002 10800
285 176 0.30000000000000004 10800
367 171 0.05 10800
417 178 0.11 10800
481 172 0.15 10800
553 181 0.07 10800
642 154 0.15999999999999998 10800
699 182 0.21000000000000002 10800
758 161 0.28 10800
818 157 0.13 10800
912 183 0.01 10800
950 166 0.04 10800
17 246 0.1 10800
94 232 0.11 10800
162 229 0.060000000000000005 10800
214 248 0.11 10800
303 240 0.31 10800
349 249 0.35000000000000003 10800
439 229 0.18000000000000002 10800
518 214 0.2 10800
580 222 0.12000000000000001 10800
617 230 0.21000000000000002 10800
690 231 0.05 10800
779 244 0.07999999999999999 10800
819 231 0.09000000000000001 10800
905 238 0.030000000000000006 10800
955 252 0.060000000000000005 10800
21 309 0.07 10800
106 311 0.060000000000000005 10800
168 291 0.11 10800
231 282 0.2 10800
291 307 0.15 10800
380 286 0.46 10800
436 298 0.55 10800
514 313 0.43000000000000005 10800
575 283 0.21000000000000002 10800
625 291 0.29 10800
683 314 0.4 10800
762 296 0.23 10800
836 305 0.17 10800
905 292 0.060000000000000005 10800
957 315 0.060000000000000005 10800
23 376 0.09000000000000001 10800
98 348 0.01 10800
174 379 0.11 10800
242 356 0.13999999999999999 10800
298 362 0.11 10800
377 383 0.27 10800
419 353 0.53 10800
503 384 0.37000000000000005 10800
554 378 0.47000000000000003 10800
636 385 0.04 10800
716 349 0.34 10800
774 360 0.37000000000000005 10800
839 360 0.25 10800
896 378 0.12000000000000001 10800
974 347 0.05 10800
29 423 0.13 10800
97 435 0.18000000000000002 10800
181 434 0.28 10800
252 446 0.4 10800
286 442 0.31 10800
360 438 0.13 10800
446 427 1.16 10800
484 427 0.45000000000000007 10800
557 449 0.95 10800
616 431 0.5 10800
684 444 0.35000000000000003 10800
759 438 0.18000000000000002 10800
845 421 0.19 10800
893 449 0.2 10800
953 419 0.1 10800
46 515 0.04 10800
107 508 0.15 10800
168 488 0.2 10800
242 489 0.31 10800
283 504 0.66 10800
378 509 0.63 10800
447 497 1.39 10800
508 517 1.4 10800
567 502 0.99 10800
622 493 0.98 10800
701 510 0.05 10800
783 517 0.04 10800
819 515 0.15999999999999998 10800
889 509 0.21000000000000002 10800
974 489 0.05 10800
33 585 0.060000000000000005 10800
103 580 0.2 10800
178 556 0.25 10800
239 570 0.46 10800
312 571 0.71 10800
354 581 0.76 10800
428 571 1.87 10800
518 559 0.61 10800
577 573 1.04 10800
633 561 0.9700000000000001 10800
696 556 0.19 10800
782 585 0.13999999999999999 10800
827 563 0.13 10800
911 581 0.12000000000000001 10800
949 577 0.02 10800
52 644 0.09000000000000001 10800
116 633 0.13 10800
156 617 0.32 10800
247 650 0.22 10800
286 638 0.01 10800
383 617 1.04 10800
434 648 1.6800000000000002 10800
503 627 0.9600000000000001 10800
569 649 0.15 10800
649 637 1.14 10800
717 632 0.58 10800
775 647 0.5 10800
836 631 0.33000000000000007 10800
917 633 0.07 10800
981 620 0.05 10800
45 716 0.030000000000000006 10800
102 714 0.30000000000000004 10800
181 681 0.52 10800
241 706 0.35000000000000003 10800
284 692 0.24000000000000002 10800
378 681 1.08 10800
422 687 0.82 10800
493 695 0.75 10800
565 700 0.1 10800
645 702 0.6500000000000001 10800
693 697 0.46 10800
780 687 0.54 10800
846 703 0.4 10800
910 684 0.18000000000000002 10800
967 698 0.060000000000000005 10800
14 775 0.05 10800
109 774 0.39000000000000007 10800
158 756 0.5 10800
226 749 0.4 10800
298 767 0.13 10800
355 782 0.27 10800
434 757 0.42000000000000004 10800
506 782 0.21000000000000002 10800
573 778 0.15999999999999998 10800
619 760 0.07 10800
682 749 0.62 10800
760 761 0.47000000000000003 10800
837 764 0.2 10800
880 772 0.34 10800
954 785 0.13999999999999999 10800
48 844 0.13999999999999999 10800
111 824 0.27 10800
148 827 0.31 10800
230 818 0.04 10800
285 851 0.030000000000000006 10800
355 824 0.24000000000000002 10800
418 850 0.18000000000000002 10800
489 849 0.13999999999999999 10800
571 816 0.15999999999999998 10800
649 851 0.22 10800
697 815 0.44 10800
759 830 0.27 10800
840 831 0.13999999999999999 10800
894 838 0.22 10800
972 826 0.12000000000000001 10800
16 904 0.060000000000000005 10800
93 893 0.15 10800
147 906 0.21000000000000002 10800
232 916 0.030000000000000006 10800
314 887 0.13 10800
361 902 0.18000000000000002 10800
422 907 0.15999999999999998 10800
513 914 0.060000000000000005 10800
557 884 0.11 10800
621 897 0.12000000000000001 10800
681 901 0.17 10800
749 882 0.07999999999999999 10800
827 886 0.13 10800
917 898 0.11 10800
973 893 0.060000000000000005 10800
43 962 0.060000000000000005 10800
93 951 0.09000000000000001 10800
155 966 0.11 10800
238 980 0.02 10800
315 964 0.07 10800
369 959 0.11 10800
417 965 0.07 10800
506 961 0.09000000000000001 10800
555 976 0.060000000000000005 10800
637 963 0.12000000000000001 10800
694 970 0.11 10800
752 982 0.05 10800
837 951 0.060000000000000005 10800
891 947 0.030000000000000006 10800
960 953 0.07 10800
454 20 0.1 10800
862 499 0.2 10800
506 200 0.19 10800
729 632 0.43000000000000005 10800
266 323 0.13999999999999999 10800
9 542 0.060000000000000005 10800
171 448 0.2 10800
111 46 0.15 10800
442 38 0.1 10800
292 505 0.57 10800
403 730 0.43000000000000005 10800
464 262 0.36000000000000004 10800
924 979 0.030000000000000006 10800
144 18 0.07999999999999999 10800
776 103 0.22 10800
801 414 0.21000000000000002 10800
531 889 0.05 10800
655 676 0.88 10800
554 36 0.060000000000000005 10800
411 445 0.91 10800
609 622 1.1 10800
531 253 0.31 10800
392 862 0.18000000000000002 10800
463 644 0.61 10800
765 848 0.23 10800
