500 500
25 19 0.11 10800
81 34 0.11 10800
136 16 0.060000000000000005 10800
197 43 0.07999999999999999 10800
264 14 0.05 10800
334 18 0.15999999999999998 10800
385 16 0.07 10800
451 28 0.23 10800
487 22 0.07999999999999999 10800
557 31 0.11 10800
634 14 0.09000000000000001 10800
690 34 0.11 10800
749 12 0.07999999999999999 10800
796 20 0.13999999999999999 10800
862 43 0.09000000000000001 10800
913 20 0.09000000000000001 10800
978 20 0.05 10800
27 75 0.1 10800
76 75 0.11 10800
148 100 0.060000000000000005 10800
193 88 0.13 10800
279 95 0.060000000000000005 10800
337 81 0.13 10800
380 71 0.27 10800
432 86 0.4 10800
482 77 0.39000000000000007 10800
567 73 0.07999999999999999 10800
609 84 0.29 10800
685 96 0.33000000000000007 10800
725 80 0.11 10800
787 104 0.07 10800
845 83 0.26 10800
916 80 0.2 10800
967 90 0.07999999999999999 10800
13 145 0.060000000000000005 10800
75 152 0.060000000000000005 10800
129 139 0.07999999999999999 10800
220 162 0.13999999999999999 10800
272 138 0.21000000000000002 10800
310 150 0.25 10800
392 160 0.41000000000000003 10800
446 133 0.53 10800
490 150 0.41000000000000003 10800
559 146 0.36000000000000004 10800
630 140 0.49 10800
673 154 0.26 10800
739 160 0.23 10800
783 150 0.24000000000000002 10800
849 157 0.35000000000000003 10800
917 152 0.17 10800
973 140 0.1 10800
26 223 0.12000000000000001 10800
72 209 0.17 10800
131 213 0.21000000000000002 10800
204 215 0.19 10800
247 188 0.24000000000000002 10800
311 193 0.34 10800
370 200 0.55 10800
448 195 0.58 10800
483 213 0.6900000000000001 10800
543 193 0.29 10800
620 191 0.63 10800
667 199 0.42000000000000004 10800
741 197 0.2 10800
802 202 0.51 10800
864 192 0.19 10800
926 190 0.17 10800
963 216 0.15 10800
36 275 0.15999999999999998 10800
89 248 0.15 10800
144 265 0.30000000000000004 10800
218 272 0.38 10800
271 277 0.22 10800
331 255 0.33000000000000007 10800
380 256 0.48000000000000004 10800
426 247 0.51 10800
504 271 0.7300000000000001 10800
550 265 0.52 10800
614 264 0.62 10800
672 250 0.34 10800
719 275 0.35000000000000003 10800
778 270 0.62 10800
841 258 0.4 10800
902 280 0.31 10800
954 259 0.21000000000000002 10800
29 318 0.09000000000000001 10800
76 330 0.15999999999999998 10800
155 324 0.23 10800
196 317 0.51 10800
269 331 0.49 10800
324 340 0.56 10800
399 319 0.58 10800
425 331 0.23 10800
498 310 0.36000000000000004 10800
560 320 1.32 10800
614 334 1.56 10800
681 327 0.64 10800
734 332 0.75 10800
800 332 0.45000000000000007 10800
860 324 0.22 10800
894 332 0.25 10800
961 319 0.34 10800
29 367 0.17 10800
89 378 0.29 10800
156 367 0.36000000000000004 10800
196 397 0.47000000000000003 10800
262 388 0.25 10800
315 378 0.6000000000000001 10800
388 387 2.4299999999999997 10800
433 375 0.22 10800
500 365 0.8400000000000001 10800
569 393 1.5 10800
633 373 1.09 10800
659 396 0.78 10800
719 379 0.9 10800
799 399 0.25 10800
835 389 0.13 10800
928 396 0.21000000000000002 10800
958 369 0.21000000000000002 10800
19 455 0.01 10800
91 447 0.18000000000000002 10800
152 436 0.28 10800
208 445 0.6000000000000001 10800
252 449 0.44 10800
322 432 2.0500000000000003 10800
368 451 2.8600000000000003 10800
432 436 3.63 10800
490 447 2.99 10800
561 430 2.83 10800
605 458 1.21 10800
671 444 0.51 10800
718 427 0.9400000000000001 10800
786 451 0.48000000000000004 10800
858 442 0.32 10800
909 443 0.21000000000000002 10800
970 428 0.07 10800
15 509 0.05 10800
86 503 0.07 10800
135 487 0.18000000000000002 10800
212 488 0.35000000000000003 10800
273 490 1.24 10800
339 509 2.3600000000000003 10800
395 491 1.97 10800
439 492 2.78 10800
505 494 2.24 10800
560 509 0.76 10800
626 488 0.31 10800
669 504 0.12000000000000001 10800
729 499 0.4 10800
788 512 0.39000000000000007 10800
837 483 0.13999999999999999 10800
923 503 0.17 10800
963 494 0.2 10800
21 552 0.05 10800
78 564 0.09000000000000001 10800
130 544 0.13 10800
199 556 0.19 10800
276 573 1.1 10800
312 561 1.79 10800
396 568 0.51 10800
426 541 0.47000000000000003 10800
513 552 0.8 10800
561 564 0.83 10800
600 552 0.6000000000000001 10800
668 558 0.57 10800
746 575 0.58 10800
805 552 0.07 10800
841 563 0.29 10800
927 546 0.1 10800
986 562 0.1 10800
12 619 0.09000000000000001 10800
74 628 0.1 10800
155 619 0.28 10800
218 604 0.1 10800
274 629 1.03 10800
316 625 1.47 10800
397 620 0.07 10800
456 612 0.92 10800
507 626 1.04 10800
567 605 0.91 10800
610 634 1.01 10800
671 627 0.7 10800
727 609 0.54 10800
798 625 0.47000000000000003 10800
862 623 0.30000000000000004 10800
916 624 0.15999999999999998 10800
981 620 0.11 10800
46 671 0.07 10800
77 668 0.12000000000000001 10800
162 670 0.33000000000000007 10800
204 674 0.62 10800
271 665 0.99 10800
329 678 1.23 10800
377 667 0.49 10800
448 675 0.58 10800
498 673 1.2000000000000002 10800
570 687 1.1900000000000002 10800
609 693 0.5900000000000001 10800
674 666 0.74 10800
727 688 0.43000000000000005 10800
794 659 0.32 10800
837 665 0.25 10800
898 662 0.15999999999999998 10800
979 684 0.05 10800
24 738 0.060000000000000005 10800
89 741 0.13999999999999999 10800
137 730 0.07 10800
206 728 0.54 10800
250 721 0.8500000000000001 10800
327 746 0.15999999999999998 10800
376 718 0.62 10800
457 722 0.56 10800
490 729 0.6000000000000001 10800
566 746 0.43000000000000005 10800
602 747 0.81 10800
688 744 0.62 10800
719 730 0.6000000000000001 10800
809 749 0.11 10800
839 728 0.33000000000000007 10800
909 738 0.11 10800
970 751 0.07999999999999999 10800
15 803 0.01 10800
102 777 0.2 10800
149 779 0.32 10800
204 795 0.55 10800
251 782 0.77 10800
314 798 0.22 10800
388 785 0.38 10800
430 789 0.26 10800
513 802 0.13 10800
576 786 0.48000000000000004 10800
618 808 0.47000000000000003 10800
687 797 0.62 10800
728 782 0.48000000000000004 10800
789 787 0.45000000000000007 10800
869 783 0.15 10800
907 793 0.17 10800
972 799 0.1 10800
13 854 0.13 10800
86 868 0.26 10800
137 839 0.29 10800
201 842 0.49 10800
269 867 0.30000000000000004 10800
310 843 0.21000000000000002 10800
372 863 0.35000000000000003 10800
426 855 0.30000000000000004 10800
508 849 0.060000000000000005 10800
574 840 0.13999999999999999 10800
609 855 0.18000000000000002 10800
666 853 0.37000000000000005 10800
745 861 0.23 10800
782 845 0.15999999999999998 10800
842 844 0.37000000000000005 10800
902 858 0.30000000000000004 10800
977 855 0.07 10800
23 898 0.11 10800
80 903 0.18000000000000002 10800
131 920 0.24000000000000002 10800
207 922 0.15 10800
281 915 0.13 10800
306 915 0.19 10800
367 911 0.22 10800
427 922 0.15999999999999998 10800
509 914 0.060000000000000005 10800
565 902 0.12000000000000001 10800
610 928 0.18000000000000002 10800
684 912 0.24000000000000002 10800
729 919 0.13 10800
776 927 0.15 10800
860 898 0.25 10800
928 928 0.2 10800
956 913 0.11 10800
20 956 0.060000000000000005 10800
74 982 0.1 10800
132 987 0.060000000000000005 10800
189 958 0.1 10800
265 975 0.11 10800
330 974 0.12000000000000001 10800
372 962 0.13 10800
428 966 0.060000000000000005 10800
513 975 0.060000000000000005 10800
572 953 0.12000000000000001 10800
629 978 0.07 10800
677 981 0.09000000000000001 10800
732 973 0.09000000000000001 10800
804 956 0.11 10800
867 967 0.15 10800
915 988 0.07999999999999999 10800
966 969 0.07 10800
41 441 0.15999999999999998 10800
702 549 0.22 10800
214 869 0.32 10800
459 54 0.21000000000000002 10800
353 6 0.15 10800
872 994 0.09000000000000001 10800
931 254 0.23 10800
370 3 0.13 10800
940 915 0.12000000000000001 10800
40 338 0.13 10800
603 717 0.53 10800
