500 500
37 24 0.03631699200006544 10800
75 38 0.012160000000079663 10800
183 38 0.035332896000051406 10800
345 58 0.0808234400005361 10800
370 27 0.044318880000253635 10800
479 57 0.007294528000064027 10800
551 3 0.03433794400021739 10800
604 25 0.07077657600046194 10800
711 69 0.121119880000645 10800
778 5 0.03713840000030011 10800
802 62 0.07353177200014471 10800
965 21 0.03127340800009204 10800
26 95 0.03933303600007498 10800
94 132 0.023960000000156967 10800
179 140 0.08483854000052116 10800
283 86 0.10932808800071925 10800
296 124 0.1597713920009678 10800
386 75 0.05696551600025401 10800
449 75 0.047360000000310265 10800
559 114 0.0372742240002264 10800
622 87 0.11481968000019549 10800
668 123 0.23621798800124516 10800
752 135 0.23144464000102438 10800
818 121 0.11153401600079427 10800
918 112 0.03480000000022798 10800
960 92 0.0 10800
21 189 0.03692332800019216 10800
72 160 0.023960000000156967 10800
173 161 0.10787680000058053 10800
246 182 0.18811093200031426 10800
290 213 0.0715600000004688 10800
377 159 0.060576212000374774 10800
434 177 0.058640416000387496 10800
513 212 0.0 10800
611 172 0.07402724000013716 10800
698 207 0.4599252400011924 10800
717 163 0.3660998000019884 10800
793 143 0.1977711680010641 10800
985 187 0.061758656000437284 10800
28 261 0.09914620800062757 10800
78 268 0.08065880000036252 10800
197 229 0.13689880000082688 10800
246 236 0.173804472001299 10800
288 279 0.06307335999991981 10800
402 225 0.11831299600049139 10800
439 266 0.1813809280009906 10800
511 274 0.018766272000098283 10800
602 249 0.274862776001239 10800
700 276 0.5277211200036191 10800
750 255 0.35104448000224764 10800
785 217 0.01268000000008307 10800
894 282 0.08599485600040957 10800
972 225 0.058492272000320256 10800
9 306 0.024480000000160373 10800
93 300 0.14788896400066598 10800
197 342 0.06113952000024624 10800
256 342 0.0551438600003209 10800
294 307 0.05936000000038888 10800
408 290 0.17217212400121173 10800
465 340 0.1954888640001755 10800
526 305 0.24196000000158513 10800
590 315 0.46803262400014756 10800
653 289 0.6603954400030005 10800
775 300 0.22017113600120197 10800
812 329 0.06880824000031005 10800
915 291 0.11390048800041086 10800
939 301 0.08196362400054369 10800
54 382 0.0 10800
121 367 0.23689820000160378 10800
192 400 0.31988014400187836 10800
269 368 0.2441279200010289 10800
346 416 0.1447893440007899 10800
425 416 0.6629986240034684 10800
445 382 0.24618060800117728 10800
525 418 1.1055808000055434 10800
581 383 0.37124004800235966 10800
646 360 0.30291582400162476 10800
762 373 0.0488000000003197 10800
835 399 0.050140240000036584 10800
857 390 0.04246444000015259 10800
59 465 0.047486160000117295 10800
141 444 0.19086288800143603 10800
188 467 0.28217879200126994 10800
253 446 0.5699828320034825 10800
311 498 0.5559877520030287 10800
362 436 0.14256784800090472 10800
540 467 0.7666422640050019 10800
711 485 0.2749686520015766 10800
732 428 0.034102760000195076 10800
853 499 0.1430500000006063 10800
869 483 0.08179740800047064 10800
976 495 0.0 10800
31 511 0.0 10800
114 516 0.10941010800007955 10800
195 519 0.058120000000380756 10800
285 517 0.4063532000026804 10800
346 544 0.62817040000464 10800
408 529 0.8183368000046327 10800
500 527 0.8813606320056735 10800
640 502 0.7507216480030436 10800
693 548 0.6465938000044389 10800
716 509 0.5857710000028327 10800
889 515 0.09163654400075139 10800
947 530 0.0355421400000262 10800
19 631 0.03288544000018412 10800
98 586 0.04803780800035007 10800
183 621 0.13473112000093934 10800
252 598 0.0715600000004688 10800
321 580 0.011760000000077042 10800
402 629 0.22759459200146992 10800
467 590 0.7458655920031925 10800
576 620 0.0 10800
785 633 0.15680000000102723 10800
843 636 0.12460020000045448 10800
872 606 0.12400866400056286 10800
938 610 0.09894748800065223 10800
61 655 0.07243820400033485 10800
129 670 0.12128275600088756 10800
212 664 0.1610569120007721 10800
239 654 0.12864454000054248 10800
287 688 0.11478395600039981 10800
387 644 0.02995100000010975 10800
488 709 0.022600000000148057 10800
537 705 0.31123452800154006 10800
575 653 0.42396308000322414 10800
685 674 0.16249566000088134 10800
763 649 0.32633216000095366 10800
796 692 0.24232664000103377 10800
908 678 0.13981184000063251 10800
988 670 0.0392924000002175 10800
105 778 0.12464244000080173 10800
160 716 0.08673776000057387 10800
234 739 0.09874184000058328 10800
356 722 0.08324000000054532 10800
377 737 0.025206432000244305 10800
470 741 0.025386480000299194 10800
546 781 0.11420404400018924 10800
609 717 0.3530478880021164 10800
644 769 0.21072596000129273 10800
742 722 0.2112860880013958 10800
816 761 0.21326438800137915 10800
924 769 0.012640000000082807 10800
964 717 0.037806448000303305 10800
17 797 0.0 10800
165 827 0.15851689599981178 10800
230 855 0.1218400000007982 10800
324 794 0.0242536320001836 10800
470 820 0.04689006400015927 10800
511 814 0.024760000000162208 10800
583 837 0.0727743800002365 10800
678 800 0.16522918800080078 10800
716 838 0.13665964800097008 10800
853 792 0.16096992000125887 10800
883 853 0.1388511200006839 10800
33 910 0.012480000000081759 10800
203 871 0.13166136000070328 10800
338 904 0.011913191999946449 10800
362 906 0.024840000000162732 10800
479 900 0.012240000000080187 10800
536 894 0.012200000000079925 10800
577 867 0.03207315200014271 10800
680 895 0.1082238000002782 10800
749 927 0.07496482000021398 10800
828 907 0.04612000000030214 10800
896 909 0.11481346000060721 10800
937 911 0.09704544000059823 10800
26 938 0.019519583999954904 10800
87 973 0.049878096000169236 10800
143 970 0.012240000000080187 10800
261 962 0.07467592000020495 10800
308 987 0.03327213600020418 10800
402 963 0.01240974000000783 10800
465 962 0.011064959999883328 10800
570 964 0.024928320000018545 10800
581 962 0.011440000000074946 10800
644 992 0.023490136000202 10800
756 964 0.03229861600003581 10800
871 987 0.060591280000320324 10800
947 998 0.033932348000035084 10800
235 889 0.05805884000041317 10800
660 349 0.4805470280031807 10800
911 7 0.06452320000034284 10800
256 699 0.05855712800043822 10800
54 757 0.0343399120000738 10800
102 900 0.07335520000033924 10800
102 830 0.1430308640011031 10800
837 959 0.06062040000016111 10800
985 859 0.03512931200022518 10800
402 801 0.05714854800038616 10800
301 846 0.012240000000080187 10800
516 625 0.4698746080032432 10800
699 607 0.3936987960009475 10800
794 516 0.1934238120014804 10800
922 349 0.07248000000047483 10800
912 219 0.10865788800064102 10800
881 57 0.05517112000051938 10800
247 47 0.06690699600023375 10800
583 465 0.8479663840025999 10800
465 468 0.7787675680048789 10800
456 545 0.8158305320040897 10800
